87
202
24
0.017

205
0
87
202
24
0.022
0.009
205
134
94
226
18
0.03
0.011
312
159
191
453
17
0.026
0.015
514
271
87
202
24
0.037
0.016
205
134
94
226
18
0.029
0.009
312
159
94
226
18
0.039
0.01
312
159
94
226
18
0.05
0.014
312
159
12590
72503
3807
7.051

41634
0
7933
37435
2891
3.066

34631
0
6
7
0
97.603

13
0
4
5
0
38.729

10
0
4
5
0
424.463

10
0
12590
72503
2779
4.327

41634
0
12590
72503
2779
6.127

41634
0
12590
72503
2779
9.567

41634
0
