17272
112537
3875
6.635
368.539
57518
57226
17272
112537
3875
6.66
364.783
57518
57226
17272
112537
3875
6.19
367.131
57518
57226
17272
112537
3875
6.233
363.015
57518
57226
17272
112537
3875
6.268
366.659
57518
57226
17272
112537
3875
6.692
357.722
57518
57226
17272
112537
3875
6.12
364.818
57518
57226
17272
112537
3875
6.735
365.537
57518
57226
17272
112537
3875
6.228
362.511
57518
57226
17272
112537
3875
6.001
358.077
57518
57226
