30473
127430
6053
2.808
1044.668
90014
89850
30473
127430
6053
2.603
1058.862
90014
89850
30473
127430
6053
2.508
1061.424
90014
89850
30473
127430
6053
2.867
1067.649
90014
89850
30473
127430
6053
2.614
1052.487
90014
89850
30473
127430
6053
2.756
1052.816
90014
89850
30473
127430
6053
2.724
1067.922
90014
89850
30473
127430
6053
2.886
1064.841
90014
89850
30473
127430
6053
2.681
1075.453
90014
89850
30473
127430
6053
2.7
1052.488
90014
89850
