21244
217571
5370
5.168
1665.58
112496
112385
21244
217571
5370
5.254
1677.425
112496
112385
21244
217571
5370
5.039
1666.442
112496
112385
21244
217571
5370
5.109
1710.144
112496
112385
21244
217571
5370
5.082
1672.829
112496
112385
21244
217571
5370
5.008
1727.852
112496
112385
21244
217571
5370
5.168
1742.256
112496
112385
21244
217571
5370
5.2
1748.478
112496
112385
21244
217571
5370
5.156
1748.338
112496
112385
21244
217571
5370
5.165
1747.226
112496
112385
