33857
165785
3690
2.479
1857.638
103941
103881
33857
165785
3690
2.365
1831.828
103941
103881
33857
165785
3690
2.241
1824.756
103941
103881
33857
165785
3690
2.58
1843.546
103941
103881
33857
165785
3690
2.339
1796.274
103941
103881
33857
165785
3690
2.364
1858.512
103941
103881
33857
165785
3690
2.391
1832.316
103941
103881
33857
165785
3690
2.425
1833.941
103941
103881
33857
165785
3690
2.465
1833.944
103941
103881
33857
165785
3690
2.386
1781.109
103941
103881
