29409
122534
6035
5.496
646.256
89336
39089
29409
122534
6035
5.257
633.269
89336
39129
29409
122534
6035
5.551
611.889
89336
39111
29409
122534
6035
5.177
652.098
89336
39118
29409
122534
6035
5.162
653.256
89336
39162
29409
122534
6035
5.378
665.303
89336
39152
29409
122534
6035
5.119
658.249
89336
39112
29409
122534
6035
4.974
659.629
89336
39118
29409
122534
6035
5.056
664.566
89336
39104
29409
122534
6035
5.421
644.467
89336
39112
