20698
191854
5370
21.578
1166.782
112265
48221
20698
191854
5370
21.116
1129.929
112265
48230
20698
191854
5370
21.917
1088.208
112265
48281
20698
191854
5370
20.898
1108.264
112265
48253
20698
191854
5370
21.519
1125.526
112265
48215
20698
191854
5370
21.081
1139.334
112265
48189
20698
191854
5370
21.846
1142.393
112265
48243
20698
191854
5370
21.796
1155.16
112265
48239
20698
191854
5370
21.595
1112.349
112265
48269
20698
191854
5370
21.082
1150.178
112265
48195
