32971
162249
3690
2.187
1884.781
103697
75765
32971
162249
3690
2.29
1846.193
103697
75765
32971
162249
3690
2.423
1849.833
103697
75765
32971
162249
3690
2.355
1869.851
103697
75765
32971
162249
3690
2.32
1838.183
103697
75765
32971
162249
3690
2.32
1864.969
103697
75765
32971
162249
3690
2.283
1904.907
103697
75765
32971
162249
3690
2.082
1892.906
103697
75765
32971
162249
3690
2.298
1850.115
103697
75765
32971
162249
3690
2.282
1849.396
103697
75765
