7933
37435
1622
1.396

34631
0
7933
37435
1622
1.263

34631
0
7933
37435
1622
1.619

34631
0
7933
37435
1622
2.024

34631
0
7933
37435
1622
1.78

34631
0
7933
37435
1622
1.868

34631
0
7933
37435
1622
1.529

34631
0
7933
37435
1620
1.617

34631
0
7933
37435
1620
1.931

34631
0
7933
37435
1620
1.733

34631
0
7933
37435
1620
1.016
156.112
34631
19170
7933
37435
1622
1.479
150.146
34631
19227
7933
37435
1620
1.781
149.423
34631
19174
7933
37435
1620
1.646
143.803
34631
19138
7933
37435
1620
1.692
152.186
34631
19140
7933
37435
1620
1.588
158.395
34631
19183
7933
37435
1622
1.744
149.548
34631
19227
7933
37435
1620
1.826
175.58
34631
19204
7933
37435
1620
1.618
151.386
34631
19200
7933
37435
1620
1.74
178.644
34631
19196
