32971
162249
3690
24.914
1080.921
103697
45055
32971
162249
3690
25.876
1072.274
103697
45086
32971
162249
3690
29.781
1078.307
103697
45045
32971
162249
3690
29.507
1054.576
103697
45119
32971
162249
3690
26.278
1090.069
103697
45119
32971
162249
3690
24.489
1095.981
103697
45055
32971
162249
3690
28.61
1077.911
103697
45087
32971
162249
3690
28.411
1093.282
103697
45119
32971
162249
3690
27.334
1049.18
103697
45075
32971
162249
3690
27.146
1066.557
103697
45089
