29409
122534
6035
2.605
1075.38
89336
71595
29409
122534
6035
2.334
1075.571
89336
71595
29409
122534
6035
2.66
1077.246
89336
71595
29409
122534
6035
2.627
1108.561
89336
71595
29409
122534
6035
2.412
1081.192
89336
71595
29409
122534
6035
2.757
1054.246
89336
71595
29409
122534
6035
2.813
1027.985
89336
71595
29409
122534
6035
2.655
940.929
89336
71595
29409
122534
6035
2.593
1088.981
89336
71595
29409
122534
6035
2.555
1066.262
89336
71595
