20698
191854
5370
2.573
1790.977
112265
97187
20698
191854
5370
2.606
1752.339
112265
97187
20698
191854
5370
2.595
1714.966
112265
97187
20698
191854
5370
2.419
1735.504
112265
97187
20698
191854
5370
2.538
1757.708
112265
97187
20698
191854
5370
2.696
1765.692
112265
97187
20698
191854
5370
2.574
1763.857
112265
97187
20698
191854
5370
2.698
1802.508
112265
97187
20698
191854
5370
2.586
1773.78
112265
97187
20698
191854
5370
2.471
1765.97
112265
97187
