17272
112537
3875
6.036
381.655
57518
42475
17272
112537
3875
6.178
376.058
57518
42475
17272
112537
3875
6.883
204.12
57518
42475
17272
112537
3875
6.212
381.216
57518
42475
17272
112537
3875
6.201
374.317
57518
42475
17272
112537
3875
6.102
367.231
57518
42475
17272
112537
3875
6.146
370.092
57518
42475
17272
112537
3875
6.362
376.162
57518
42475
17272
112537
3875
6.165
375.846
57518
42475
17272
112537
3875
6.128
376.059
57518
42475
