30473
127430
6053
2.789
1114.492
90014
71476
30473
127430
6053
2.913
1059.267
90014
71476
30473
127430
6053
2.85
1023.916
90014
71476
30473
127430
6053
2.579
1087.035
90014
71476
30473
127430
6053
2.771
1104.182
90014
71476
30473
127430
6053
2.864
1090.429
90014
71476
30473
127430
6053
2.766
1096.175
90014
71476
30473
127430
6053
2.965
1097.405
90014
71476
30473
127430
6053
2.626
1110.867
90014
71476
30473
127430
6053
2.564
1125.951
90014
71476
