21244
217571
5370
5.38
1776.635
112496
96962
21244
217571
5370
5.184
1799.203
112496
96962
21244
217571
5370
5.202
1792.577
112496
96962
21244
217571
5370
5.184
1720.642
112496
96962
21244
217571
5370
5.028
1753.302
112496
96962
21244
217571
5370
5.175
1797.57
112496
96962
21244
217571
5370
5.089
1784.237
112496
96962
21244
217571
5370
5.037
1782.094
112496
96962
21244
217571
5370
5.265
1726.524
112496
96962
21244
217571
5370
5.272
1724.604
112496
96962
