33857
165785
3690
2.624
1778.471
103941
75699
33857
165785
3690
2.98
1776.238
103941
75699
33857
165785
3690
2.505
1788.919
103941
75699
33857
165785
3690
2.246
1801.899
103941
75699
33857
165785
3690
2.634
1873.471
103941
75699
33857
165785
3690
2.439
1832.91
103941
75699
33857
165785
3690
2.222
1816.379
103941
75699
33857
165785
3690
2.601
1855.149
103941
75699
33857
165785
3690
2.382
1870.822
103941
75699
33857
165785
3690
2.597
1883.229
103941
75699
